   1.    798.738    0.825
   2.    797.932    0.843
   3.    797.072    0.845
   4.    796.228    0.864
   5.    795.367    0.864
   6.    794.484    0.883
   7.    793.623    0.883
   8.    792.704    0.902
   9.    791.844    0.819
  10.    791.042    0.835
  11.    790.190    0.837
  12.    789.354    0.854
  13.    788.501    0.854
  14.    787.631    0.872
  15.    786.775    0.873
  16.    785.870    0.890
  17.    784.950    0.948
  18.    784.020    0.967
  19.    783.036    0.968
  20.    782.067    0.988
  21.    781.080    0.989
  22.    780.071    1.009
  23.    779.082    1.010
  24.    778.032    1.030
  25.    777.036    0.975
  26.    776.075    0.993
  27.    775.067    0.995
  28.    774.068    1.014
  29.    773.053    1.018
  30.    772.018    1.036
  31.    770.999    1.038
  32.    769.924    1.057
  33.    768.904    1.009
  34.    767.906    1.027
  35.    766.865    1.029
  36.    765.830    1.048
  37.    764.783    1.051
  38.    763.713    1.069
  39.    762.659    1.072
  40.    761.551    1.089
  41.    760.187    1.032
  42.    759.189    1.049
  43.    758.100    1.054
  44.    757.067    1.071
  45.    755.970    1.074
  46.    754.903    1.092
  47.    753.798    1.095
  48.    752.697    1.112
  49.    751.652    1.077
  50.    750.608    1.092
  51.    749.477    1.097
  52.    748.398    1.114
  53.    747.259    1.117
  54.    746.146    1.135
  55.    744.998    1.139
  56.    743.851    1.157
  57.    742.759    1.118
  58.    741.669    1.136
  59.    740.494    1.140
  60.    739.373    1.156
  61.    738.189    1.161
  62.    737.032    1.178
  63.    735.840    1.183
  64.    734.648    1.201
  65.    733.508    1.163
  66.    732.374    1.179
  67.    731.157    1.184
  68.    729.989    1.200
  69.    728.763    1.205
  70.    727.561    1.223
  71.    726.324    1.227
  72.    725.090    1.243
  73.    723.901    1.205
  74.    722.721    1.222
  75.    721.461    1.227
  76.    720.249    1.244
  77.    718.978    1.248
  78.    717.734    1.265
  79.    716.453    1.270
  80.    715.173    1.287
  81.    713.936    1.249
  82.    712.711    1.266
  83.    711.409    1.270
  84.    710.151    1.287
  85.    708.838    1.292
  86.    707.547    1.309
  87.    706.222    1.313
  88.    704.899    1.330
  89.    703.614    1.292
  90.    702.344    1.309
  91.    700.998    1.313
  92.    699.695    1.331
  93.    698.338    1.336
  94.    697.003    1.352
  95.    695.634    1.358
  96.    694.267    1.374
  97.    692.931    1.336
  98.    691.614    1.352
  99.    690.225    1.359
 100.    688.878    1.375
 101.    687.476    1.381
 102.    686.096    1.397
 103.    684.683    1.403
 104.    683.270    1.418
 105.    681.885    1.381
 106.    680.522    1.397
 107.    679.089    1.402
 108.    677.696    1.418
 109.    676.249    1.425
 110.    674.825    1.441
 111.    673.366    1.447
 112.    671.910    1.463
 113.    670.473    1.426
 114.    669.065    1.442
 115.    667.586    1.448
 116.    666.147    1.464
 117.    664.656    1.470
 118.    663.185    1.485
 119.    661.681    1.492
 120.    660.179    1.508
 121.    658.689    1.471
 122.    657.234    1.487
 123.    655.710    1.494
 124.    654.224    1.508
 125.    652.687    1.516
 126.    651.171    1.531
 127.    649.620    1.538
 128.    648.073    1.553
 129.    646.528    1.518
 130.    645.024    1.533
 131.    643.455    1.540
 132.    641.922    1.555
 133.    640.337    1.561
 134.    638.775    1.577
 135.    637.177    1.584
 136.    635.584    1.599
 137.    633.982    1.566
 138.    632.431    1.580
 139.    630.814    1.587
 140.    629.233    1.601
 141.    627.601    1.609
 142.    625.991    1.624
 143.    624.345    1.632
 144.    622.705    1.646
 145.    621.044    1.613
 146.    619.444    1.627
 147.    617.779    1.636
 148.    616.149    1.650
 149.    614.469    1.657
 150.    612.810    1.672
 151.    611.115    1.680
 152.    609.426    1.694
 153.    607.705    1.663
 154.    606.055    1.678
 155.    604.340    1.685
 156.    602.660    1.699
 157.    600.930    1.707
 158.    599.221    1.721
 159.    597.476    1.729
 160.    595.738    1.743
 161.    593.953    1.714
 162.    592.250    1.727
 163.    590.485    1.735
 164.    588.754    1.750
 165.    586.973    1.757
 166.    585.213    1.772
 167.    583.416    1.780
 168.    581.628    1.793
 169.    579.776    1.766
 170.    578.020    1.780
 171.    576.202    1.788
 172.    574.419    1.801
 173.    572.584    1.809
 174.    570.773    1.823
 175.    568.922    1.832
 176.    567.082    1.846
 177.    565.159    1.820
 178.    563.349    1.833
 179.    561.477    1.841
 180.    559.640    1.855
 181.    557.750    1.864
 182.    555.885    1.877
 183.    553.979    1.885
 184.    552.086    1.899
 185.    550.088    1.875
 186.    548.222    1.889
 187.    546.294    1.897
 188.    544.400    1.911
 189.    542.454    1.919
 190.    540.534    1.933
 191.    538.570    1.941
 192.    536.623    1.954
 193.    534.546    1.933
 194.    532.623    1.946
 195.    530.635    1.955
 196.    528.684    1.968
 197.    526.679    1.977
 198.    524.702    1.990
 199.    522.679    1.999
 200.    520.675    2.012
 201.    518.514    1.992
 202.    516.530    2.006
 203.    514.482    2.014
 204.    512.471    2.028
 205.    510.405    2.037
 206.    508.368    2.050
 207.    506.284    2.059
 208.    504.221    2.072
 209.    501.971    2.054
 210.    499.925    2.067
 211.    497.814    2.077
 212.    495.741    2.090
 213.    493.612    2.099
 214.    491.513    2.112
 215.    489.365    2.120
 216.    487.241    2.134
 217.    484.897    2.119
 218.    482.785    2.132
 219.    480.608    2.141
 220.    478.472    2.154
 221.    476.276    2.164
 222.    474.114    2.176
 223.    471.899    2.185
 224.    469.712    2.198
 225.    467.266    2.187
 226.    465.088    2.199
 227.    462.842    2.208
 228.    460.639    2.221
 229.    458.374    2.231
 230.    456.146    2.243
 231.    453.862    2.252
 232.    451.609    2.265
 233.    449.055    2.257
 234.    446.807    2.269
 235.    444.489    2.279
 236.    442.217    2.292
 237.    439.880    2.301
 238.    437.583    2.312
 239.    435.226    2.323
 240.    432.906    2.334
 241.    430.236    2.330
 242.    427.916    2.342
 243.    425.523    2.352
 244.    423.180    2.364
 245.    420.767    2.373
 246.    418.400    2.385
 247.    415.967    2.395
 248.    413.577    2.406
 249.    410.784    2.406
 250.    408.388    2.418
 251.    405.918    2.428
 252.    403.500    2.439
 253.    401.009    2.449
 254.    398.568    2.460
 255.    396.057    2.471
 256.    393.594    2.481
 257.    390.668    2.486
 258.    388.195    2.496
 259.    385.644    2.507
 260.    383.149    2.518
 261.    380.576    2.527
 262.    378.060    2.538
 263.    375.467    2.548
 264.    372.930    2.558
 265.    369.864    2.568
 266.    367.310    2.577
 267.    364.674    2.588
 268.    362.100    2.598
 269.    359.443    2.608
 270.    356.849    2.619
 271.    354.172    2.629
 272.    351.558    2.638
 273.    348.344    2.651
 274.    345.708    2.662
 275.    342.984    2.672
 276.    340.329    2.682
 277.    337.585    2.691
 278.    334.911    2.701
 279.    332.146    2.711
 280.    329.454    2.720
 281.    326.082    2.739
 282.    323.362    2.748
 283.    320.549    2.759
 284.    317.811    2.768
 285.    314.977    2.777
 286.    312.221    2.785
 287.    309.367    2.795
 288.    306.596    2.803
 289.    303.058    2.828
 290.    300.252    2.836
 291.    297.347    2.846
 292.    294.524    2.854
 293.    291.599    2.863
 294.    288.761    2.870
 295.    285.816    2.881
 296.    282.965    2.887
 297.    279.250    2.919
 298.    276.356    2.925
 299.    273.358    2.935
 300.    270.451    2.942
 301.    267.432    2.951
 302.    264.513    2.957
 303.    261.476    2.967
 304.    258.545    2.972
 305.    254.646    3.009
 306.    251.666    3.014
 307.    248.573    3.023
 308.    245.583    3.029
 309.    242.471    3.038
 310.    239.471    3.043
 311.    236.342    3.051
 312.    233.333    3.055
 313.    229.242    3.098
 314.    226.178    3.102
 315.    222.992    3.111
 316.    219.920    3.115
 317.    216.716    3.124
 318.    213.638    3.126
 319.    210.417    3.135
 320.    207.334    3.136
 321.    203.047    3.185
 322.    199.901    3.187
 323.    196.625    3.196
 324.    193.474    3.198
 325.    190.181    3.205
 326.    187.029    3.205
 327.    183.720    3.213
 328.    180.566    3.213
 329.    176.083    3.268
 330.    172.859    3.268
 331.    169.496    3.276
 332.    166.273    3.274
 333.    162.895    3.281
 334.    159.673    3.281
 335.    156.284    3.286
 336.    153.065    3.285
 337.    148.389    3.345
 338.    145.095    3.342
 339.    141.651    3.348
 340.    138.362    3.346
 341.    134.907    3.351
 342.    131.624    3.347
 343.    128.158    3.353
 344.    124.883    3.348
 345.    120.021    3.413
 346.    116.666    3.409
 347.    113.149    3.414
 348.    109.804    3.408
 349.    106.279    3.412
 350.    102.945    3.405
 351.     99.413    3.408
 352.     96.092    3.402
 353.     91.059    3.471
 354.     87.653    3.463
 355.     84.075    3.466
 356.     80.684    3.459
 357.     77.101    3.461
 358.     73.728    3.452
 359.     70.140    3.454
 360.     66.785    3.444
 361.     61.599    3.515
 362.     58.156    3.505
 363.     54.529    3.506
 364.     51.107    3.495
 365.     47.479    3.495
 366.     44.080    3.484
 367.     40.451    3.484
 368.     37.075    3.472
